25.03841939812835,121.43159508705139
25.038059735952547,121.43222272396088
25.03776811719797,121.43286108970642
25.037354989442154,121.43339216709137
25.037019625887755,121.43391788005829
25.036596774881893,121.4345133304596
25.036227386603457,121.43507122993469
25.035862857606666,121.43566131591797
25.035649000091006,121.42862856388092
25.035070610851523,121.42951369285583
25.03814722144375,121.43075823783875
25.037821580688224,121.43136441707611
25.03745219609814,121.43194377422333
25.037131413841127,121.43263041973114
25.03670370286018,121.4332526922226
25.036227386603457,121.43389105796814
25.03582883484501,121.43447577953339
25.035459444254105,121.43506050109863
25.035031727443457,121.43562912940979
25.034516521123344,121.43020570278168
25.034122824269357,121.43096208572388
25.036037831660316,121.43294155597687
25.037670910792382,121.43038809299469
25.037262643047658,121.43102645874023
25.036878675714433,121.43168091773987
25.036504427916572,121.43237292766571
25.03561983767365,121.43360674381256
25.035172679738974,121.43423438072205
25.034754682804397,121.43491566181183
25.03189185156585,121.43367111682892
25.03309240183131,121.43230319023132
25.0335930326817,121.43174529075623
