25.037214039654238,121.43000721931458
25.036752306455835,121.42962098121643
25.0362079450843,121.42913818359375
25.03673286501986,121.43073678016663
25.036188503562094,121.43033981323242
25.035644139688586,121.42989993095398
25.03624682811953,121.43147706985474
25.035751068497255,121.43116593360901
25.035119215094227,121.4308226108551
25.0359454842742,121.43214225769043
25.03538167767216,121.43186330795288
25.03469149709733,121.4315414428711
25.03544000261325,121.43265724182129
25.034895635418223,121.43237829208374
25.03423461486251,121.43207788467407
25.035051169149042,121.43332242965698
25.034516521123344,121.4330005645752
25.03384577757769,121.43263578414917
25.03457484647574,121.4339017868042
25.034059638236858,121.43354773521423
25.033398613176615,121.43317222595215
25.03414712658084,121.43456697463989
25.033680521358473,121.43421292304993
25.032854236923292,121.4338481426239
25.033758289018806,121.43513560295105
25.033126425351902,121.43468499183655
25.032300137184887,121.43443822860718
25.032620932075265,121.43291473388672
25.03317503036486,121.43576860427856
25.032757026623873,121.43647134304047
25.032708421445292,121.43529653549194
25.034069359167038,121.43601536750793
