25.03776811719797,121.43286108970642
25.037354989442154,121.43339216709137
25.037019625887755,121.43391788005829
25.037131413841127,121.43263041973114
25.03670370286018,121.4332526922226
25.036037831660316,121.43294155597687
25.036878675714433,121.43168091773987
25.036504427916572,121.43237292766571
25.037505659726072,121.43293887376785
25.037145994870993,121.43353968858719
25.036752306455835,121.43378108739853
25.03695644134735,121.43303006887436
25.03664537851994,121.4326599240303
25.036285711142423,121.43335729837418
25.03736957044548,121.43185526132584
25.037670910792382,121.43234878778458
25.03700504484288,121.43218249082565
