25.03841939812835,121.43159508705139
25.038059735952547,121.43222272396088
25.03776811719797,121.43286108970642
25.037354989442154,121.43339216709137
25.037019625887755,121.43391788005829
25.036596774881893,121.4345133304596
25.036227386603457,121.43507122993469
25.035862857606666,121.43566131591797
25.035649000091006,121.42862856388092
25.035070610851523,121.42951369285583
25.03814722144375,121.43075823783875
25.037821580688224,121.43136441707611
25.03745219609814,121.43194377422333
25.037131413841127,121.43263041973114
25.03670370286018,121.4332526922226
25.036227386603457,121.43389105796814
25.03582883484501,121.43447577953339
25.035459444254105,121.43506050109863
25.035031727443457,121.43562912940979
25.034516521123344,121.43020570278168
25.034122824269357,121.43096208572388
25.036037831660316,121.43294155597687
25.037670910792382,121.43038809299469
25.037262643047658,121.43102645874023
25.036878675714433,121.43168091773987
25.036504427916572,121.43237292766571
25.03561983767365,121.43360674381256
25.035172679738974,121.43423438072205
25.034754682804397,121.43491566181183
25.03189185156585,121.43367111682892
25.03309240183131,121.43230319023132
25.0335930326817,121.43174529075623
25.037214039654238,121.43000721931458
25.036752306455835,121.42962098121643
25.0362079450843,121.42913818359375
25.03673286501986,121.43073678016663
25.036188503562094,121.43033981323242
25.035644139688586,121.42989993095398
25.03624682811953,121.43147706985474
25.035751068497255,121.43116593360901
25.035119215094227,121.4308226108551
25.0359454842742,121.43214225769043
25.03538167767216,121.43186330795288
25.03469149709733,121.4315414428711
25.03544000261325,121.43265724182129
25.034895635418223,121.43237829208374
25.03423461486251,121.43207788467407
25.035051169149042,121.43332242965698
25.034516521123344,121.4330005645752
25.03384577757769,121.43263578414917
25.03457484647574,121.4339017868042
25.034059638236858,121.43354773521423
25.033398613176615,121.43317222595215
25.03414712658084,121.43456697463989
25.033680521358473,121.43421292304993
25.032854236923292,121.4338481426239
25.033758289018806,121.43513560295105
25.033126425351902,121.43468499183655
25.032300137184887,121.43443822860718
25.032620932075265,121.43291473388672
25.03317503036486,121.43576860427856
25.032757026623873,121.43647134304047
25.032708421445292,121.43529653549194
25.034069359167038,121.43601536750793
